ctZ ctZI -2DeltaNLL
-0.6 -0.6 58.4047507357
-0.55 -0.6 52.3552110915
-0.483 -0.6 44.7289267795
-0.45 -0.6 41.266802477
-0.417 -0.6 38.0858215916
-0.383 -0.6 35.0613997795
-0.35 -0.6 32.3781456619
-0.317 -0.6 29.9002759177
-0.283 -0.6 27.7039246224
-0.25 -0.6 25.7916030246
-0.217 -0.6 24.1218569288
-0.183 -0.6 22.7536858635
-0.15 -0.6 21.6243362443
-0.117 -0.6 20.7305828144
-0.083 -0.6 20.0793927896
-0.05 -0.6 19.6731217348
-0.017 -0.6 19.4883629391
0 -0.6 19.4868400777
0.017 -0.6 19.5362821021
0.05 -0.6 19.7925629567
0.083 -0.6 20.2864429767
0.117 -0.6 21.0240360848
0.15 -0.6 21.9788210504
0.183 -0.6 23.1735742236
0.217 -0.6 24.6417751373
0.25 -0.6 26.3293381368
0.283 -0.6 28.2727857975
0.317 -0.6 30.5538801937
0.35 -0.6 33.0376682999
0.383 -0.6 35.7460750903
0.417 -0.6 38.8388050648
0.45 -0.6 41.9708142742
0.483 -0.6 45.4259078738
0.55 -0.6 52.9708894126
0.6 -0.6 59.0302579477
-0.6 -0.55 52.3420606584
-0.55 -0.55 46.0152404001
-0.483 -0.55 38.2959538058
-0.45 -0.55 34.8758168523
-0.417 -0.55 31.670936188
-0.383 -0.55 28.6245891002
-0.35 -0.55 26.0287434957
-0.317 -0.55 23.6542602808
-0.283 -0.55 21.5505096831
-0.25 -0.55 19.7370605012
-0.217 -0.55 18.2185673798
-0.183 -0.55 16.89026974
-0.15 -0.55 15.8485161529
-0.117 -0.55 15.0565230635
-0.083 -0.55 14.4655014176
-0.05 -0.55 14.0959920208
-0.017 -0.55 13.9327724697
0 -0.55 13.9795112535
0.017 -0.55 14.0310262812
0.05 -0.55 14.2993373228
0.083 -0.55 14.7041630689
0.117 -0.55 15.3836267279
0.15 -0.55 16.2674952261
0.183 -0.55 17.3821000753
0.217 -0.55 18.7768293337
0.25 -0.55 20.358288679
0.283 -0.55 22.1911531121
0.317 -0.55 24.3729562322
0.35 -0.55 26.7699170092
0.383 -0.55 29.4398931747
0.417 -0.55 32.4817930937
0.45 -0.55 35.6680708542
0.483 -0.55 39.1756845268
0.55 -0.55 46.8109856108
0.6 -0.55 53.069875567
-0.6 -0.483 44.7252347574
-0.55 -0.483 38.2863908156
-0.483 -0.483 30.5395698443
-0.45 -0.483 27.1343470796
-0.417 -0.483 24.0756412498
-0.383 -0.483 21.194481391
-0.35 -0.483 18.7515968252
-0.317 -0.483 16.5746482306
-0.283 -0.483 14.6278444566
-0.25 -0.483 13.0191173765
-0.217 -0.483 11.6670318434
-0.183 -0.483 10.4779843139
-0.15 -0.483 9.5778050248
-0.117 -0.483 8.8649471954
-0.083 -0.483 8.35586518515
-0.05 -0.483 8.05853270297
-0.017 -0.483 7.92677459726
0 -0.483 7.93592837988
0.017 -0.483 7.98948157369
0.05 -0.483 8.2365534089
0.083 -0.483 8.63616353506
0.117 -0.483 9.25368360826
0.15 -0.483 10.0612751774
0.183 -0.483 11.0606660945
0.217 -0.483 12.3167700521
0.25 -0.483 13.7893685198
0.283 -0.483 15.5126895111
0.317 -0.483 17.4455488971
0.35 -0.483 19.6537708996
0.383 -0.483 22.1376173873
0.417 -0.483 25.0160161355
0.45 -0.483 28.1149509018
0.483 -0.483 31.5229678305
0.55 -0.483 39.2862385714
0.6 -0.483 45.5840072611
-0.6 -0.45 41.2908749706
-0.55 -0.45 34.8450993286
-0.483 -0.45 27.1282778264
-0.45 -0.45 23.8289121869
-0.417 -0.45 20.8105507977
-0.383 -0.45 18.0785127983
-0.35 -0.45 15.6979775508
-0.317 -0.45 13.6221472151
-0.283 -0.45 11.8209375164
-0.25 -0.45 10.2575570643
-0.217 -0.45 8.97145844297
-0.183 -0.45 7.88923239242
-0.15 -0.45 7.0634207793
-0.117 -0.45 6.43800350023
-0.083 -0.45 5.99743216252
-0.05 -0.45 5.74931088206
-0.017 -0.45 5.65593780181
0 -0.45 5.66671650577
0.017 -0.45 5.71932936995
0.05 -0.45 5.9356144995
0.083 -0.45 6.31397107011
0.117 -0.45 6.87928251456
0.15 -0.45 7.60473316698
0.183 -0.45 8.51778959087
0.217 -0.45 9.68740936578
0.25 -0.45 11.0436689567
0.283 -0.45 12.6509747817
0.317 -0.45 14.5958795978
0.35 -0.45 16.6850166314
0.383 -0.45 19.081322077
0.417 -0.45 21.8503560598
0.45 -0.45 24.8527134308
0.483 -0.45 28.1796101714
0.55 -0.45 35.8802683544
0.6 -0.45 42.3096500568
-0.6 -0.417 38.0755154872
-0.55 -0.417 31.6493704051
-0.483 -0.417 24.0489303372
-0.45 -0.417 20.8034121045
-0.417 -0.417 17.9283844754
-0.383 -0.417 15.2548628259
-0.35 -0.417 12.9902304183
-0.317 -0.417 11.052020076
-0.283 -0.417 9.27504017041
-0.25 -0.417 7.83896983997
-0.217 -0.417 6.6734520623
-0.183 -0.417 5.69913018402
-0.15 -0.417 4.98757808749
-0.117 -0.417 4.45433820016
-0.083 -0.417 4.09959256928
-0.05 -0.417 3.89818862174
-0.017 -0.417 3.85386260273
0 -0.417 3.8694793079
0.017 -0.417 3.92374476721
0.05 -0.417 4.13240302703
0.083 -0.417 4.47496527946
0.117 -0.417 4.97232452105
0.15 -0.417 5.60664621438
0.183 -0.417 6.41933470545
0.217 -0.417 7.4607876353
0.25 -0.417 8.70669136476
0.283 -0.417 10.1988453656
0.317 -0.417 12.0160132833
0.35 -0.417 14.0472973688
0.383 -0.417 16.3978619797
0.417 -0.417 19.0230800097
0.45 -0.417 21.9208944594
0.483 -0.417 25.1653865362
0.55 -0.417 32.7339183318
0.6 -0.417 39.1687139282
-0.6 -0.383 35.0337651644
-0.55 -0.383 28.5803398821
-0.483 -0.383 21.1540898986
-0.45 -0.383 18.0170034624
-0.417 -0.383 15.2375764507
-0.383 -0.383 12.6860731849
-0.35 -0.383 10.5608962043
-0.317 -0.383 8.67232421204
-0.283 -0.383 7.05136291287
-0.25 -0.383 5.75447923248
-0.217 -0.383 4.72045377549
-0.183 -0.383 3.87806315674
-0.15 -0.383 3.28411577293
-0.117 -0.383 2.88112734468
-0.083 -0.383 2.60572856804
-0.05 -0.383 2.48111731792
-0.017 -0.383 2.45701728621
0 -0.383 2.49751701299
0.017 -0.383 2.55558072729
0.05 -0.383 2.74388397764
0.083 -0.383 3.04343877314
0.117 -0.383 3.45841597673
0.15 -0.383 4.00388328708
0.183 -0.383 4.7139948376
0.217 -0.383 5.62479066662
0.25 -0.383 6.71744608134
0.283 -0.383 8.06014666031
0.317 -0.383 9.73571794177
0.35 -0.383 11.6386410573
0.383 -0.383 13.8460412424
0.417 -0.383 16.4848549329
0.45 -0.383 19.2356511608
0.483 -0.383 22.3503959076
0.55 -0.383 29.7581137081
0.6 -0.383 36.164213205
-0.6 -0.35 32.3154635867
-0.55 -0.35 25.9250341214
-0.483 -0.35 18.6679894505
-0.45 -0.35 15.6513120881
-0.417 -0.35 12.9380459154
-0.383 -0.35 10.5395184159
-0.35 -0.35 8.46073751338
-0.317 -0.35 6.71536031016
-0.283 -0.35 5.24712289497
-0.25 -0.35 4.09931475529
-0.217 -0.35 3.19848799473
-0.183 -0.35 2.52098512789
-0.15 -0.35 2.06121788477
-0.117 -0.35 1.75076103583
-0.083 -0.35 1.58143007709
-0.05 -0.35 1.51585016632
-0.017 -0.35 1.53489610134
0 -0.35 1.57755056373
0.017 -0.35 1.63840132463
0.05 -0.35 1.8073415535
0.083 -0.35 2.05847683968
0.117 -0.35 2.40974036371
0.15 -0.35 2.8619268029
0.183 -0.35 3.45541431359
0.217 -0.35 4.22875336302
0.25 -0.35 5.18640797958
0.283 -0.35 6.37584268302
0.317 -0.35 7.87189392303
0.35 -0.35 9.63831381593
0.383 -0.35 11.7253015528
0.417 -0.35 14.2100455288
0.45 -0.35 16.9162754163
0.483 -0.35 19.944830901
0.55 -0.35 27.1762568555
0.6 -0.35 33.5009576746
-0.6 -0.317 29.8647038396
-0.55 -0.317 23.5850745498
-0.483 -0.317 16.5094167711
-0.45 -0.317 13.5449156845
-0.417 -0.317 10.984567991
-0.383 -0.317 8.61552311433
-0.35 -0.317 6.68522579269
-0.317 -0.317 5.09366932348
-0.283 -0.317 3.77442409424
-0.25 -0.317 2.77762586903
-0.217 -0.317 2.0531174182
-0.183 -0.317 1.52728532068
-0.15 -0.317 1.19404089754
-0.117 -0.317 0.994458056055
-0.083 -0.317 0.922067191917
-0.05 -0.317 0.917899071472
-0.017 -0.317 0.988429662073
0 -0.317 1.04272454209
0.017 -0.317 1.1077696674
0.05 -0.317 1.25892431755
0.083 -0.317 1.46026154771
0.117 -0.317 1.73492584424
0.15 -0.317 2.0991205459
0.183 -0.317 2.56146978005
0.217 -0.317 3.19502232433
0.25 -0.317 4.00362577499
0.283 -0.317 5.03448684583
0.317 -0.317 6.37532123714
0.35 -0.317 7.97973493231
0.383 -0.317 9.91082123946
0.417 -0.317 12.2589445638
0.45 -0.317 14.8891379249
0.483 -0.317 17.8169852889
0.55 -0.317 24.846637679
0.6 -0.317 31.0816419639
-0.6 -0.283 27.5639254551
-0.55 -0.283 21.4173123913
-0.483 -0.283 14.5215520102
-0.45 -0.283 11.6707691101
-0.417 -0.283 9.17599590914
-0.383 -0.283 6.94561710698
-0.35 -0.283 5.16910101241
-0.317 -0.283 3.73676364915
-0.283 -0.283 2.58095841808
-0.25 -0.283 1.758928044
-0.217 -0.283 1.1949455596
-0.183 -0.283 0.819702416891
-0.15 -0.283 0.615922487108
-0.117 -0.283 0.558876879513
-0.083 -0.283 0.584575823043
-0.05 -0.283 0.659573745681
-0.017 -0.283 0.764736303594
0 -0.283 0.827248855494
0.017 -0.283 0.898542589741
0.05 -0.283 1.03154231911
0.083 -0.283 1.18124874705
0.117 -0.283 1.37271554675
0.15 -0.283 1.62351240963
0.183 -0.283 1.96298683109
0.217 -0.283 2.46214938699
0.25 -0.283 3.12101243529
0.283 -0.283 3.9921362137
0.317 -0.283 5.15841921628
0.35 -0.283 6.58974937908
0.383 -0.283 8.35318249697
0.417 -0.283 10.5480423248
0.45 -0.283 13.0640619763
0.483 -0.283 15.9585516255
0.55 -0.283 22.7687140801
0.6 -0.283 28.86724393
-0.6 -0.25 25.632578169
-0.55 -0.25 19.5810489487
-0.483 -0.25 12.8681534352
-0.45 -0.25 10.1236426909
-0.417 -0.25 7.69476382225
-0.383 -0.25 5.60876432783
-0.35 -0.25 3.98969213828
-0.317 -0.25 2.69224715279
-0.283 -0.25 1.69854212762
-0.25 -0.25 1.04337729001
-0.217 -0.25 0.630746164359
-0.183 -0.25 0.414090663893
-0.15 -0.25 0.342702209717
-0.117 -0.25 0.406820957782
-0.083 -0.25 0.519921590341
-0.05 -0.25 0.660807184875
-0.017 -0.25 0.815191649133
0 -0.25 0.886268909788
0.017 -0.25 0.955286594806
0.05 -0.25 1.06671598251
0.083 -0.25 1.1710954411
0.117 -0.25 1.28735028394
0.15 -0.25 1.43528517522
0.183 -0.25 1.66304854117
0.217 -0.25 2.00902572018
0.25 -0.25 2.52260987693
0.283 -0.25 3.24520323332
0.317 -0.25 4.2555022554
0.35 -0.25 5.52248193277
0.383 -0.25 7.12374947593
0.417 -0.25 9.16715402622
0.45 -0.25 11.5465953425
0.483 -0.25 14.3169956831
0.55 -0.25 21.0092737211
0.6 -0.25 27.0038141462
-0.6 -0.217 23.9935123988
-0.55 -0.217 18.0227136994
-0.483 -0.217 11.5025020484
-0.45 -0.217 8.77643798734
-0.417 -0.217 6.47197405458
-0.383 -0.217 4.52842940437
-0.35 -0.217 3.0293076199
-0.317 -0.217 1.89549479866
-0.283 -0.217 1.0741976141
-0.25 -0.217 0.556267725304
-0.217 -0.217 0.297703280346
-0.183 -0.217 0.212821483379
-0.15 -0.217 0.303071910748
-0.117 -0.217 0.453370722942
-0.083 -0.217 0.663411315531
-0.05 -0.217 0.873635721626
-0.017 -0.217 1.0663003379
0 -0.217 1.13530423376
0.017 -0.217 1.20924052829
0.05 -0.217 1.31005829759
0.083 -0.217 1.38111953973
0.117 -0.217 1.41823254596
0.15 -0.217 1.48185338569
0.183 -0.217 1.58695463371
0.217 -0.217 1.80229139002
0.25 -0.217 2.15662247897
0.283 -0.217 2.72815524484
0.317 -0.217 3.57725563971
0.35 -0.217 4.70277405833
0.383 -0.217 6.15395258064
0.417 -0.217 8.04449234414
0.45 -0.217 10.2905044628
0.483 -0.217 12.9585113896
0.55 -0.217 19.5025932374
0.6 -0.217 25.374003499
-0.6 -0.183 22.547959253
-0.55 -0.183 16.6610040334
-0.483 -0.183 10.2694793979
-0.45 -0.183 7.63321078802
-0.417 -0.183 5.44906160655
-0.383 -0.183 3.64894291759
-0.35 -0.183 2.27968353988
-0.317 -0.183 1.28090102109
-0.283 -0.183 0.611130384495
-0.25 -0.183 0.252720976947
-0.217 -0.183 0.13441315759
-0.183 -0.183 0.204947823659
-0.15 -0.183 0.402051165001
-0.117 -0.183 0.65505671734
-0.083 -0.183 0.955329887802
-0.05 -0.183 1.22377353604
-0.017 -0.183 1.4455247554
0 -0.183 1.53934406536
0.017 -0.183 1.61101802485
0.05 -0.183 1.70439398754
0.083 -0.183 1.72142185597
0.117 -0.183 1.70341808721
0.15 -0.183 1.66704907035
0.183 -0.183 1.66859050211
0.217 -0.183 1.74168627732
0.25 -0.183 1.97006531386
0.283 -0.183 2.37847959762
0.317 -0.183 3.07618964976
0.35 -0.183 4.05776852672
0.383 -0.183 5.37422908563
0.417 -0.183 7.12033716426
0.45 -0.183 9.24443037179
0.483 -0.183 11.7944884391
0.55 -0.183 18.1946539029
0.6 -0.183 23.9835576105
-0.6 -0.15 21.3733758598
-0.55 -0.15 15.587730404
-0.483 -0.15 9.29432902392
-0.45 -0.15 6.75855864096
-0.417 -0.15 4.66609464982
-0.383 -0.15 2.97229169006
-0.35 -0.15 1.73088387772
-0.317 -0.15 0.861823316664
-0.283 -0.15 0.323420170927
-0.25 -0.15 0.0971141641494
-0.217 -0.15 0.100515596569
-0.183 -0.15 0.283665673109
-0.15 -0.15 0.580337721854
-0.117 -0.15 0.938779837918
-0.083 -0.15 1.31076786947
-0.05 -0.15 1.633818381
-0.017 -0.15 1.89492441155
0 -0.15 1.99300444638
0.017 -0.15 2.07315927302
0.05 -0.15 2.14607001236
0.083 -0.15 2.12932664785
0.117 -0.15 2.05087121017
0.15 -0.15 1.93815201381
0.183 -0.15 1.85918796901
0.217 -0.15 1.81580590317
0.25 -0.15 1.92097558198
0.283 -0.15 2.20595999458
0.317 -0.15 2.74940415146
0.35 -0.15 3.60464947321
0.383 -0.15 4.80507240468
0.417 -0.15 6.43048299453
0.45 -0.15 8.43186738621
0.483 -0.15 10.8824603958
0.55 -0.15 17.2264788514
0.6 -0.15 22.8661112424
-0.6 -0.117 20.4459636565
-0.55 -0.117 14.7341153291
-0.483 -0.117 8.53203877667
-0.45 -0.117 6.0832384415
-0.417 -0.117 4.08303240989
-0.383 -0.117 2.47798028938
-0.35 -0.117 1.32896880689
-0.317 -0.117 0.575167708332
-0.283 -0.117 0.147154446226
-0.25 -0.117 0.0266431553755
-0.217 -0.117 0.155036989599
-0.183 -0.117 0.432943826308
-0.15 -0.117 0.814551646123
-0.117 -0.117 1.2463911979
-0.083 -0.117 1.67998345033
-0.05 -0.117 2.05216357019
-0.017 -0.117 2.34303120547
0 -0.117 2.45243146294
0.017 -0.117 2.53049415466
0.05 -0.117 2.5832961665
0.083 -0.117 2.54297636007
0.117 -0.117 2.4243807469
0.15 -0.117 2.25283781183
0.183 -0.117 2.08228664612
0.217 -0.117 1.95967081981
0.25 -0.117 1.95777391247
0.283 -0.117 2.12548814272
0.317 -0.117 2.5530267735
0.35 -0.117 3.28811554587
0.383 -0.117 4.38725423091
0.417 -0.117 5.91770597035
0.45 -0.117 7.8190437071
0.483 -0.117 10.1829211642
0.55 -0.117 16.3824653102
0.6 -0.117 21.9828278911
-0.6 -0.083 19.7332599328
-0.55 -0.083 14.1155762617
-0.483 -0.083 7.95848152507
-0.45 -0.083 5.57245880249
-0.417 -0.083 3.6474410512
-0.383 -0.083 2.11387924431
-0.35 -0.083 1.06313279574
-0.317 -0.083 0.390648554545
-0.283 -0.083 0.0521561433561
-0.25 -0.083 0.018411275465
-0.217 -0.083 0.220090259798
-0.183 -0.083 0.587211961625
-0.15 -0.083 1.04145104252
-0.117 -0.083 1.53845615732
-0.083 -0.083 2.02547574672
-0.05 -0.083 2.44488653028
-0.017 -0.083 2.75089735677
0 -0.083 2.86494751554
0.017 -0.083 2.94161982392
0.05 -0.083 2.99172224128
0.083 -0.083 2.94089892297
0.117 -0.083 2.77054176992
0.15 -0.083 2.54283609195
0.183 -0.083 2.30602200306
0.217 -0.083 2.10993938381
0.25 -0.083 2.03004334751
0.283 -0.083 2.11888679862
0.317 -0.083 2.44442957523
0.35 -0.083 3.08216948085
0.383 -0.083 4.09644429176
0.417 -0.083 5.53857976571
0.45 -0.083 7.36100751511
0.483 -0.083 9.66207971144
0.55 -0.083 15.7322165298
0.6 -0.083 21.292632665
-0.6 -0.05 19.2852170689
-0.55 -0.05 13.6974258241
-0.483 -0.05 7.59543075482
-0.45 -0.05 5.25493846973
-0.417 -0.05 3.37971955887
-0.383 -0.05 1.89592060307
-0.35 -0.05 0.896876340732
-0.317 -0.05 0.279931352939
-0.283 -0.05 0.00534689077176
-0.25 -0.05 0.0429781153798
-0.217 -0.05 0.289920817595
-0.183 -0.05 0.719496423611
-0.15 -0.05 1.21781584271
-0.117 -0.05 1.75676498958
-0.083 -0.05 2.28639225289
-0.05 -0.05 2.72489922633
-0.017 -0.05 3.05131774559
0 -0.05 3.16041545244
0.017 -0.05 3.24268710217
0.05 -0.05 3.29671380855
0.083 -0.05 3.21030100388
0.117 -0.05 3.01770502143
0.15 -0.05 2.75691133179
0.183 -0.05 2.4793663118
0.217 -0.05 2.23784702434
0.25 -0.05 2.09933147393
0.283 -0.05 2.12787576532
0.317 -0.05 2.4083797629
0.35 -0.05 2.96897172369
0.383 -0.05 3.91448967718
0.417 -0.05 5.30372184608
0.45 -0.05 7.07981032832
0.483 -0.05 9.33078824542
0.55 -0.05 15.3230253551
0.6 -0.05 20.8500538007
-0.6 -0.017 19.0532202886
-0.55 -0.017 13.4710486254
-0.483 -0.017 7.41355321812
-0.45 -0.017 5.09763547755
-0.417 -0.017 3.24276090274
-0.383 -0.017 1.79279374587
-0.35 -0.017 0.81957814889
-0.317 -0.017 0.240000847029
-0.283 -0.017 0.0
-0.25 -0.017 0.0651954170316
-0.217 -0.017 0.340418978827
-0.183 -0.017 0.800736461766
-0.15 -0.017 1.32388684317
-0.117 -0.017 1.88684758497
-0.083 -0.017 2.4334951879
-0.05 -0.017 2.88669829909
-0.017 -0.017 3.2232414009
0 -0.017 3.33632598398
0.017 -0.017 3.41717485315
0.05 -0.017 3.46619532979
0.083 -0.017 3.36927368375
0.117 -0.017 3.15912443725
0.15 -0.017 2.88587623276
0.183 -0.017 2.58714078809
0.217 -0.017 2.31001466373
0.25 -0.017 2.15079632844
0.283 -0.017 2.14515975071
0.317 -0.017 2.39242903236
0.35 -0.017 2.91861388762
0.383 -0.017 3.82487981976
0.417 -0.017 5.19554551272
0.45 -0.017 6.94413989852
0.483 -0.017 9.16248776042
0.55 -0.017 15.119101526
0.6 -0.017 20.6365849192
-0.6 0 19.02167782
-0.55 0 13.4484974074
-0.483 0 7.39470727043
-0.45 0 5.07426408981
-0.417 0 3.22554112226
-0.383 0 1.78029081388
-0.35 0 0.810589951929
-0.317 0 0.236052536871
-0.283 0 0.00167780998163
-0.25 0 0.0775658055209
-0.217 0 0.354989253217
-0.183 0 0.817994434619
-0.15 0 1.34912133799
-0.117 0 1.91265894636
-0.083 0 2.45946301846
-0.05 0 2.91371553065
-0.017 0 3.25040287198
0 0 3.36976575851
0.017 0 3.4440505181
0.05 0 3.49276042217
0.083 0 3.39774161624
0.117 0 3.19001698075
0.15 0 2.9062763236
0.183 0 2.60794599727
0.217 0 2.3265418082
0.25 0 2.16492127441
0.283 0 2.15157759446
0.317 0 2.39492117614
0.35 0 2.91585924593
0.383 0 3.81529706088
0.417 0 5.17784325499
0.45 0 6.92546170787
0.483 0 9.14015693008
0.55 0 15.0848772498
0.6 0 20.6054871946
-0.6 0.017 19.0466797585
-0.55 0.017 13.4712493713
-0.483 0.017 7.41626720061
-0.45 0.017 5.09342734865
-0.417 0.017 3.24048968335
-0.383 0.017 1.79886206402
-0.35 0.017 0.826483499492
-0.317 0.017 0.248727072729
-0.283 0.017 0.0113006499596
-0.25 0.017 0.0855891590472
-0.217 0.017 0.356995280134
-0.183 0.017 0.812011307338
-0.15 0.017 1.34848508122
-0.117 0.017 1.90438815276
-0.083 0.017 2.45103870099
-0.05 0.017 2.90849611326
-0.017 0.017 3.24301005271
0 0.017 3.36028008908
0.017 0.017 3.43437743327
0.05 0.017 3.48918884434
0.083 0.017 3.39111862401
0.117 0.017 3.18120213994
0.15 0.017 2.90073654405
0.183 0.017 2.60343019362
0.217 0.017 2.32422096352
0.25 0.017 2.16887367703
0.283 0.017 2.15865343204
0.317 0.017 2.4046313432
0.35 0.017 2.92531776126
0.383 0.017 3.83125149878
0.417 0.017 5.19502697885
0.45 0.017 6.94291302445
0.483 0.017 9.15907147084
0.55 0.017 15.1117614754
0.6 0.017 20.6274170491
-0.6 0.05 19.265730398
-0.55 0.05 13.6708266365
-0.483 0.05 7.5921895029
-0.45 0.05 5.25114812632
-0.417 0.05 3.38404317084
-0.383 0.05 1.90906248754
-0.35 0.05 0.913530558115
-0.317 0.05 0.306316266302
-0.283 0.05 0.0395837621763
-0.25 0.05 0.0806484732311
-0.217 0.05 0.334487062413
-0.183 0.05 0.763738401001
-0.15 0.05 1.27504388918
-0.117 0.05 1.81605339982
-0.083 0.05 2.34625761141
-0.05 0.05 2.7842616064
-0.017 0.05 3.11548878415
0 0.05 3.23420382151
0.017 0.05 3.30601423909
0.05 0.05 3.34541493701
0.083 0.05 3.28159062681
0.117 0.05 3.08220743132
0.15 0.05 2.81417311751
0.183 0.05 2.52972435416
0.217 0.05 2.27989021246
0.25 0.05 2.14810329909
0.283 0.05 2.16352515318
0.317 0.05 2.42415851261
0.35 0.05 2.99018408312
0.383 0.05 3.92858321639
0.417 0.05 5.30901329219
0.45 0.05 7.07680483814
0.483 0.05 9.31986303534
0.55 0.05 15.30793209
0.6 0.05 20.8277435114
-0.6 0.083 19.7072627291
-0.55 0.083 14.1027542623
-0.483 0.083 7.95086357812
-0.45 0.083 5.57115030359
-0.417 0.083 3.65294858464
-0.383 0.083 2.13869017363
-0.35 0.083 1.08562873048
-0.317 0.083 0.426946143154
-0.283 0.083 0.0988659646828
-0.25 0.083 0.0790280792862
-0.217 0.083 0.283078093547
-0.183 0.083 0.667492131237
-0.15 0.083 1.12326723128
-0.117 0.083 1.63458985789
-0.083 0.083 2.12695357949
-0.05 0.083 2.54290094622
-0.017 0.083 2.85335772089
0 0.083 2.97485621972
0.017 0.083 3.05392453982
0.05 0.083 3.09277211013
0.083 0.083 3.04340070579
0.117 0.083 2.86727922666
0.15 0.083 2.62599125225
0.183 0.083 2.39119790751
0.217 0.083 2.18330589402
0.25 0.083 2.09745039814
0.283 0.083 2.17190054455
0.317 0.083 2.49102842389
0.35 0.083 3.11779713351
0.383 0.083 4.12060887879
0.417 0.083 5.54670029576
0.45 0.083 7.35984141985
0.483 0.083 9.64878236223
0.55 0.083 15.7073929189
0.6 0.083 21.2471962587
-0.6 0.117 20.3939011013
-0.55 0.117 14.6854333305
-0.483 0.117 8.51194955828
-0.45 0.117 6.07376344455
-0.417 0.117 4.08505245345
-0.383 0.117 2.49480957258
-0.35 0.117 1.3574279123
-0.317 0.117 0.623595468001
-0.283 0.117 0.211100769928
-0.25 0.117 0.103060129797
-0.217 0.117 0.24256266444
-0.183 0.117 0.534630997572
-0.15 0.117 0.917051769095
-0.117 0.117 1.37603736785
-0.083 0.117 1.81531628501
-0.05 0.117 2.19517024979
-0.017 0.117 2.47545986157
0 0.117 2.59051876515
0.017 0.117 2.66962244757
0.05 0.117 2.72799758101
0.083 0.117 2.68119542277
0.117 0.117 2.56262095319
0.15 0.117 2.37407457223
0.183 0.117 2.19083285262
0.217 0.117 2.06396572059
0.25 0.117 2.046239221
0.283 0.117 2.19280173513
0.317 0.117 2.61285432708
0.35 0.117 3.33280665195
0.383 0.117 4.41491375957
0.417 0.117 5.92183875083
0.45 0.117 7.80624911701
0.483 0.117 10.1707252553
0.55 0.117 16.3305891084
0.6 0.117 21.9199496715
-0.6 0.15 21.3049668614
-0.55 0.15 15.52951181
-0.483 0.15 9.2750061173
-0.45 0.15 6.74570054282
-0.417 0.15 4.66647951538
-0.383 0.15 2.99494700204
-0.35 0.15 1.7591665769
-0.317 0.15 0.917746258667
-0.283 0.15 0.396475163987
-0.25 0.15 0.191459190333
-0.217 0.15 0.210633010371
-0.183 0.15 0.406117867213
-0.15 0.15 0.711237250594
-0.117 0.15 1.08621729654
-0.083 0.15 1.46672394336
-0.05 0.15 1.8043448613
-0.017 0.15 2.06604664261
0 0.15 2.16315702745
0.017 0.15 2.24067450571
0.05 0.15 2.30487831915
0.083 0.15 2.29223412811
0.117 0.15 2.2104585038
0.15 0.15 2.09055445506
0.183 0.15 1.98324080952
0.217 0.15 1.9354151499
0.25 0.15 2.01783754863
0.283 0.15 2.29167463887
0.317 0.15 2.82159164967
0.35 0.15 3.64956910047
0.383 0.15 4.83350354712
0.417 0.15 6.43843243946
0.45 0.15 8.42753553251
0.483 0.15 10.8632470537
0.55 0.15 17.170632662
0.6 0.15 22.7850987285
-0.6 0.183 22.4577550893
-0.55 0.183 16.5953773037
-0.483 0.183 10.2262533396
-0.45 0.183 7.61631824262
-0.417 0.183 5.44468385377
-0.383 0.183 3.65721245087
-0.35 0.183 2.3121856309
-0.317 0.183 1.33876009611
-0.283 0.183 0.689472468803
-0.25 0.183 0.340939174173
-0.217 0.183 0.25657091639
-0.183 0.183 0.339219711488
-0.15 0.183 0.54186527757
-0.117 0.183 0.809366362635
-0.083 0.183 1.135732027
-0.05 0.183 1.40991175943
-0.017 0.183 1.64294153498
0 0.183 1.74055041722
0.017 0.183 1.81053170376
0.05 0.183 1.89594381955
0.083 0.183 1.90438601119
0.117 0.183 1.87523601111
0.15 0.183 1.83306288836
0.183 0.183 1.81472897134
0.217 0.183 1.87567309616
0.25 0.183 2.08022584533
0.283 0.183 2.46879246063
0.317 0.183 3.14024489326
0.35 0.183 4.10296585364
0.383 0.183 5.39655307517
0.417 0.183 7.11950695212
0.45 0.183 9.22518408764
0.483 0.183 11.7608218472
0.55 0.183 18.125929734
0.6 0.183 23.8933189092
-0.6 0.217 23.8904217472
-0.55 0.217 17.9201010903
-0.483 0.217 11.4486537909
-0.45 0.217 8.72813326726
-0.417 0.217 6.45247828425
-0.383 0.217 4.5272285901
-0.35 0.217 3.05986016942
-0.317 0.217 1.95215042098
-0.283 0.217 1.14810249442
-0.25 0.217 0.657601916464
-0.217 0.217 0.417149213841
-0.183 0.217 0.354094161186
-0.15 0.217 0.456678793766
-0.117 0.217 0.617140538059
-0.083 0.217 0.846321709454
-0.05 0.217 1.06199629605
-0.017 0.217 1.25768301473
0 0.217 1.34282136336
0.017 0.217 1.41519231652
0.05 0.217 1.5111316524
0.083 0.217 1.56891901419
0.117 0.217 1.60171549232
0.15 0.217 1.64523742138
0.183 0.217 1.73810037551
0.217 0.217 1.93195376778
0.25 0.217 2.25970210601
0.283 0.217 2.80485410104
0.317 0.217 3.64054573094
0.35 0.217 4.73724336526
0.383 0.217 6.16235509468
0.417 0.217 8.03097368986
0.45 0.217 10.2690290054
0.483 0.217 12.9107747423
0.55 0.217 19.406053825
0.6 0.217 25.2842542515
-0.6 0.25 25.5395295806
-0.55 0.25 19.4636955601
-0.483 0.25 12.7857692344
-0.45 0.25 10.0666388683
-0.417 0.25 7.65644330834
-0.383 0.25 5.60171055887
-0.35 0.25 3.99502714956
-0.317 0.25 2.73497540271
-0.283 0.25 1.76851066574
-0.25 0.25 1.13923719851
-0.217 0.25 0.747770172777
-0.183 0.25 0.543156028725
-0.15 0.25 0.510872654384
-0.117 0.25 0.568585542729
-0.083 0.25 0.70768437162
-0.05 0.25 0.85664984677
-0.017 0.25 1.01312395628
0 0.25 1.08546950459
0.017 0.25 1.15057154419
0.05 0.25 1.26333023584
0.083 0.25 1.36646047956
0.117 0.25 1.46663134452
0.15 0.25 1.61178833339
0.183 0.25 1.81053222017
0.217 0.25 2.14535008441
0.25 0.25 2.62407913525
0.283 0.25 3.31598008354
0.317 0.25 4.29638713249
0.35 0.25 5.54152384424
0.383 0.25 7.1176077642
0.417 0.25 9.15211159573
0.45 0.25 11.5092815626
0.483 0.25 14.2485577925
0.55 0.25 20.8947964176
0.6 0.25 26.8582574616
-0.6 0.283 27.4133271764
-0.55 0.283 21.2753565975
-0.483 0.283 14.4253093509
-0.45 0.283 11.648269871
-0.417 0.283 9.11237054714
-0.383 0.283 6.92549710604
-0.35 0.283 5.16671127081
-0.317 0.283 3.76268057991
-0.283 0.283 2.63742363616
-0.25 0.283 1.82626718632
-0.217 0.283 1.29053704976
-0.183 0.283 0.946529488312
-0.15 0.283 0.761894869618
-0.117 0.283 0.718367511174
-0.083 0.283 0.754667307716
-0.05 0.283 0.844453175087
-0.017 0.283 0.941507380456
0 0.283 1.01611855999
0.017 0.283 1.07932876376
0.05 0.283 1.21683995728
0.083 0.283 1.36477565626
0.117 0.283 1.54520014068
0.15 0.283 1.77622478362
0.183 0.283 2.10516560031
0.217 0.283 2.57733050897
0.25 0.283 3.21020084294
0.283 0.283 4.05215371144
0.317 0.283 5.17859310936
0.35 0.283 6.58285613311
0.383 0.283 8.33451808942
0.417 0.283 10.5066877382
0.45 0.283 12.9831315232
0.483 0.283 15.8503311265
0.55 0.283 22.6252801868
0.6 0.283 28.7057607681
-0.6 0.317 29.6912601916
-0.55 0.317 23.4211863591
-0.483 0.317 16.3586472515
-0.45 0.317 13.4545326447
-0.417 0.317 10.9008653897
-0.383 0.317 8.56583543262
-0.35 0.317 6.65513922554
-0.317 0.317 5.08582242951
-0.283 0.317 3.8089089361
-0.25 0.317 2.83728595497
-0.217 0.317 2.12040840322
-0.183 0.317 1.62311711791
-0.15 0.317 1.31108993944
-0.117 0.317 1.13290681294
-0.083 0.317 1.06812148471
-0.05 0.317 1.0849821947
-0.017 0.317 1.15921343025
0 0.317 1.21268335287
0.017 0.317 1.27169251977
0.05 0.317 1.43150781794
0.083 0.317 1.62224705401
0.117 0.317 1.88090853067
0.15 0.317 2.22389440238
0.183 0.317 2.66589908884
0.217 0.317 3.2840423903
0.25 0.317 4.06212800415
0.283 0.317 5.07041157084
0.317 0.317 6.37828302779
0.35 0.317 7.94989394397
0.383 0.317 9.84932421078
0.417 0.317 12.176431824
0.45 0.317 14.7914899015
0.483 0.317 17.7006429899
0.55 0.317 24.6994903747
0.6 0.317 30.8985254278
-0.6 0.35 32.1133707007
-0.55 0.35 25.7670892605
-0.483 0.35 18.5232300998
-0.45 0.35 15.5305877831
-0.417 0.35 12.8452316113
-0.383 0.35 10.449517332
-0.35 0.35 8.39837518265
-0.317 0.35 6.68864707812
-0.283 0.35 5.23391175061
-0.25 0.35 4.1185465483
-0.217 0.35 3.25156499934
-0.183 0.35 2.59077774291
-0.15 0.35 2.14761764673
-0.117 0.35 1.85890404414
-0.083 0.35 1.70446320786
-0.05 0.35 1.64578925446
-0.017 0.35 1.66561598587
0 0.35 1.70706671593
0.017 0.35 1.77007301571
0.05 0.35 1.94241935154
0.083 0.35 2.19136459311
0.117 0.35 2.52710240101
0.15 0.35 2.95238400181
0.183 0.35 3.52716438193
0.217 0.35 4.28425948578
0.25 0.35 5.21101249359
0.283 0.35 6.3699121403
0.317 0.35 7.8555305989
0.35 0.35 9.5874252941
0.383 0.35 11.6443101179
0.417 0.35 14.089442427
0.45 0.35 16.8485026837
0.483 0.35 19.7868031571
0.55 0.35 26.9800358212
0.6 0.35 33.2866457342
-0.6 0.383 34.7843729979
-0.55 0.383 28.3815861221
-0.483 0.383 20.9691696404
-0.45 0.383 17.8681330923
-0.417 0.383 15.0999777338
-0.383 0.383 12.5802269492
-0.35 0.383 10.4704280032
-0.317 0.383 8.59561576741
-0.283 0.383 7.01077998034
-0.25 0.383 5.74131544959
-0.217 0.383 4.7264215243
-0.183 0.383 3.92585255578
-0.15 0.383 3.34936750075
-0.117 0.383 2.9413851737
-0.083 0.383 2.68360159104
-0.05 0.383 2.57214355934
-0.017 0.383 2.55946093122
0 0.383 2.58834044659
0.017 0.383 2.64809575863
0.05 0.383 2.84339980641
0.083 0.383 3.12243545824
0.117 0.383 3.53544555372
0.15 0.383 4.06304874201
0.183 0.383 4.73936751159
0.217 0.383 5.64010949433
0.25 0.383 6.71071795281
0.283 0.383 8.03501941031
0.317 0.383 9.66739511699
0.35 0.383 11.551520851
0.383 0.383 13.7323912957
0.417 0.383 16.3435791095
0.45 0.383 19.0623722321
0.483 0.383 22.170932011
0.55 0.383 29.5370341472
0.6 0.383 35.914515587
-0.6 0.417 37.8161163628
-0.55 0.417 31.3793465367
-0.483 0.417 23.8257320218
-0.45 0.417 20.5861415695
-0.417 0.417 17.7237072934
-0.383 0.417 15.0971222096
-0.35 0.417 12.8671706228
-0.317 0.417 10.9438227832
-0.283 0.417 9.18957693991
-0.25 0.417 7.78566029831
-0.217 0.417 6.64045312069
-0.183 0.417 5.69202809175
-0.15 0.417 4.99705474963
-0.117 0.417 4.48630995047
-0.083 0.417 4.14069894771
-0.05 0.417 3.94464841299
-0.017 0.417 3.89521787013
0 0.417 3.91630985355
0.017 0.417 3.97522787284
0.05 0.417 4.18119479832
0.083 0.417 4.52007635846
0.117 0.417 5.00329364743
0.15 0.417 5.61905006832
0.183 0.417 6.42352571478
0.217 0.417 7.44841205631
0.25 0.417 8.67001743498
0.283 0.417 10.1323870535
0.317 0.417 11.9102459801
0.35 0.417 13.9260555636
0.383 0.417 16.2591298714
0.417 0.417 18.8377873553
0.45 0.417 21.7231976986
0.483 0.417 24.934914411
0.55 0.417 32.4934081226
0.6 0.417 38.8943857113
-0.6 0.45 40.9939504249
-0.55 0.45 34.5541475085
-0.483 0.45 26.8809325427
-0.45 0.45 23.591777222
-0.417 0.45 20.5924849606
-0.383 0.45 17.8609147656
-0.35 0.45 15.5260477748
-0.317 0.45 13.4777717513
-0.283 0.45 11.7029936353
-0.25 0.45 10.1606960942
-0.217 0.45 8.89063181123
-0.183 0.45 7.83444366022
-0.15 0.45 7.02376794722
-0.117 0.45 6.41972170817
-0.083 0.45 5.98622491094
-0.05 0.45 5.74127967306
-0.017 0.45 5.64942348842
0 0.45 5.67152198032
0.017 0.45 5.71824534354
0.05 0.45 5.94337901473
0.083 0.45 6.31222478277
0.117 0.45 6.87134974357
0.15 0.45 7.57893578848
0.183 0.45 8.46933576372
0.217 0.45 9.61327067763
0.25 0.45 10.9567829862
0.283 0.45 12.5349759203
0.317 0.45 14.4527251075
0.35 0.45 16.5308687061
0.383 0.45 18.893370555
0.417 0.45 21.6618191034
0.45 0.45 24.6252150179
0.483 0.45 27.94257383
0.55 0.45 35.5833122351
0.6 0.45 42.0036238958
-0.6 0.483 44.3876389419
-0.55 0.483 37.9851727297
-0.483 0.483 30.2836494746
-0.45 0.483 26.8703920466
-0.417 0.483 23.8142523579
-0.383 0.483 20.9561315556
-0.35 0.483 18.5075691398
-0.317 0.483 16.3938571236
-0.283 0.483 14.4738546829
-0.25 0.483 12.8826396228
-0.217 0.483 11.5540422611
-0.183 0.483 10.3768361569
-0.15 0.483 9.48143017222
-0.117 0.483 8.79229039187
-0.083 0.483 8.28815530124
-0.05 0.483 7.99482057174
-0.017 0.483 7.88209038833
0 0.483 7.88819013559
0.017 0.483 7.93916693493
0.05 0.483 8.16783796321
0.083 0.483 8.56962941005
0.117 0.483 9.18077727966
0.15 0.483 9.96961085033
0.183 0.483 10.9561097866
0.217 0.483 12.1940322851
0.25 0.483 13.6360901622
0.283 0.483 15.3407639281
0.317 0.483 17.2657624749
0.35 0.483 19.452607793
0.383 0.483 21.9391699715
0.417 0.483 24.7658299771
0.45 0.483 27.8524294854
0.483 0.483 31.2355369492
0.55 0.483 38.9564390951
0.6 0.483 45.2885532754
-0.6 0.55 51.9679190165
-0.55 0.55 45.6569510952
-0.483 0.55 37.9416662506
-0.45 0.55 34.505247575
-0.417 0.55 31.3495849306
-0.383 0.55 28.3194012931
-0.35 0.55 25.7257019482
-0.317 0.55 23.3707296969
-0.283 0.55 21.2311614526
-0.25 0.55 19.5019658692
-0.217 0.55 18.003654225
-0.183 0.55 16.6897074147
-0.15 0.55 15.658629497
-0.117 0.55 14.8733578003
-0.083 0.55 14.2927037205
-0.05 0.55 13.9866672556
-0.017 0.55 13.8258339765
0 0.55 13.8248645829
0.017 0.55 13.870292203
0.05 0.55 14.1210429221
0.083 0.55 14.5797211283
0.117 0.55 15.2036729187
0.15 0.55 16.0876794874
0.183 0.55 17.1782440804
0.217 0.55 18.5553372719
0.25 0.55 20.1345677816
0.283 0.55 21.9459637089
0.317 0.55 24.0952466978
0.35 0.55 26.4581873259
0.383 0.55 29.1142130587
0.417 0.55 32.1383337693
0.45 0.55 35.3285820158
0.483 0.55 38.8007557988
0.55 0.55 46.4506629731
0.6 0.55 52.6870404838
-0.6 0.6 57.9895129872
-0.55 0.6 51.9224640122
-0.483 0.6 44.2980231058
-0.45 0.6 40.8820501603
-0.417 0.6 37.6999131392
-0.383 0.6 34.6856412252
-0.35 0.6 32.0077722783
-0.317 0.6 29.562442228
-0.283 0.6 27.3552914555
-0.25 0.6 25.4667058445
-0.217 0.6 23.8232672976
-0.183 0.6 22.4026426489
-0.15 0.6 21.3355510994
-0.117 0.6 20.4817989103
-0.083 0.6 19.8177831504
-0.05 0.6 19.4120919039
-0.017 0.6 19.2344154767
0 0.6 19.2225519246
0.017 0.6 19.2731530548
0.05 0.6 19.5378473573
0.083 0.6 20.0190584911
0.117 0.6 20.7470247166
0.15 0.6 21.6814716405
0.183 0.6 22.8490607904
0.217 0.6 24.3099309553
0.25 0.6 25.9987810242
0.283 0.6 27.9410559528
0.317 0.6 30.205657355
0.35 0.6 32.6728184449
0.383 0.6 35.3684001637
0.417 0.6 38.3930551023
0.45 0.6 41.6050077272
0.483 0.6 45.0426284117
0.55 0.6 52.5775446319
0.6 0.6 58.5960063923
